0.9999987
0.78407025
0.8684243
0.5609801
0.7086211
0.702004
0.6752275
0.6388264
0.35192263
0.4479244
1.57975e-05
0.63730717
0.7215101
0.62447226
0.5781635
5.7392247e-11
0.6276022
0.777336
0.37200913
0.8102088
0.7442236
0.024007393
7.6686665e-05
0.41409025
0.6734308
0.9987306
0.80700153
1.0243155e-12
0.8533003
0.99999976
0.77125335
0.7791788
0.99987984
0.88005096
0.8688337
1.0
0.7633628
0.0002450464
1.71389e-10
0.99999976
0.79860854
0.3908215
0.7051533
0.9952384
0.6252874
1.0
0.6405986
0.53190136
0.6245497
0.6624396
0.64256185
0.4713555
0.6201932
0.021591997
0.60838413
0.00021252086
0.4900363
0.0006740726
0.7750944
0.0027980835
0.9999969
0.585106
0.69654804
0.051875044
0.7921806
0.75603145
0.5777884
0.72982454
0.77432066
0.7222093
0.6722577
1.0
0.6415198
0.9998342
0.6406593
0.8139302
0.80274785
0.5597171
4.484598e-05
0.90253013
0.5312024
1.0
0.7866767
3.6804977e-21
0.99999964
0.99856985
0.33864987
0.0008585184
0.58913636
0.45627925
0.9988134
0.9178366
0.7931643
0.6628655
0.9943553
0.28090486
0.37447
0.86343753
0.9933236
0.6638124
0.77890134
1.0
0.00028368153
7.197796e-05
0.9431191
0.5221223
0.5844605
0.60124415
0.7865272
0.62068135
0.35552356
0.9981305
0.9706984
0.6323596
0.8563114
0.9953695
0.45262998
0.8697303
0.99913603
0.919468
0.9999999
0.0075542764
0.88449544
0.5770944
0.47201782
0.80528665
0.74147564
1.0
0.5514389
0.6090988
9.447604e-05
0.77464175
0.99997103
0.6806087
0.9298253
0.9991861
0.0008713013
0.97622025
0.80734366
0.65801924
0.30917823
0.9999683
0.6646369
0.0001883072
0.6211564
0.99728334
0.999876
0.0096894875
0.0010782548
0.6357174
0.9387089
0.25446576
0.9881385
0.53901595
0.6634487
0.36494002
0.79765105
0.3497899
0.55573034
0.63998777
0.5439319
0.7976295
0.9999951
1.0
0.99999976
0.999701
0.98955894
0.0137698725
0.47143242
0.70305836
0.85524553
0.8555601
0.8889686
0.67288184
0.39456153
0.9853029
0.6401369
1.0
0.6397939
0.80921775
0.5986217
0.9480256
1.0
0.61289835
0.4976067
0.9999949
0.72806025
0.9909061
0.654147
0.87280226
1.0
0.66627824
0.71005416
0.76182836
0.73193324
0.6495633
2.052553e-06
1.0
0.9839161
0.60106295
0.9998982
0.9240405
0.6803632
0.8344526
0.6384354
0.99998593
0.96593314
0.020452725
0.87307733
5.9042155e-05
0.8705276
0.74861795
1.0
0.576215
0.5692415
0.6319728
0.5407398
0.29094487
0.00048004644
0.1416175
1.2907013e-08
0.6655955
0.47200602
0.9936255
0.71113586
1.0
0.876102
0.74512047
1.9722784e-06
0.66381997
0.99999917
0.53708154
0.6351556
0.6594561
0.009492445
0.88906753
0.61631083
1.0
0.8860474
0.8492172
0.65029347
0.79316664
0.5225377
0.9997979
0.913953
0.9986552
0.97019786
0.56199515
0.47659215
0.639822
0.37207958
0.55139095
0.9999919
0.999173
0.70065576
0.99998295
1.1270845e-05
0.63472146
1.5600401e-08
0.00010312719
0.024636915
0.091596186
0.6964986
0.6103016
0.67239434
0.460472
1.0
0.77700907
0.6173534
0.6536299
0.6741668
0.6714403
0.5076263
0.9984493
0.6066616
0.7809942
0.8059926
0.9927966
0.95725924
0.97993696
0.62665236
0.9999312
0.66567147
1.0
0.5097336
0.71921873
0.51520866
0.643227
0.27200288
0.6310701
0.9960777
0.56614774
0.9999231
0.9911629
0.72095394
4.1703855e-16
0.6349409
0.53397775
1.0
0.82431406
1.0
0.8272137
1.0
5.959941e-07
1.088698e-06
0.67573655
0.4513558
1.0
0.45535582
0.6160106
0.3179097
0.60247177
0.8912
0.5197119
0.5411717
0.99998486
0.7091692
0.7386935
0.77261883
0.61755157
0.79890746
1.0
0.73729885
0.001685363
0.99851745
0.9999516
1.0
5.0994412e-08
6.255161e-18
0.6136892
0.5738505
0.69135666
0.7933207
0.54554147
0.62510955
0.8656121
0.8722445
0.5404478
0.87184966
0.80644745
0.6109651
0.99111485
2.2831503e-06
0.60466427
1.0
0.73215926
0.7091711
0.5427811
0.71723366
0.78922886
0.65230507
0.8032736
0.9999987
0.00020431045
0.6296201
0.09776832
0.9999994
0.9999981
0.9770647
0.54769224
0.99533033
0.68512547
0.573184
0.98721665
0.6538381
0.6143022
0.68309975
0.999592
0.54827785
0.8499851
0.82992005
0.9999913
0.67993945
0.99999285
0.9246203
0.6816366
0.8231511
0.79064596
0.7964146
0.7138593
0.24378388
0.6750705
0.99863726
0.9999888
0.2813101
0.9999999
0.99999094
0.48915413
0.67977387
0.62474746
0.66438925
0.92740744
0.8962628
0.999884
0.9999888
0.00060108467
0.7817352
0.6846571
0.9949969
0.5445798
0.997294
0.7395388
0.7954732
0.61825323
0.011169644
0.6853465
0.39684704
0.00077107246
0.678022
0.0030511012
0.5814959
0.56532913
0.31130207
0.0046093054
0.5815772
0.90979743
0.5757799
0.6395001
0.9297465
0.45824262
0.58670056
0.62327635
0.56797653
0.99607605
0.99523634
0.002048548
0.5020495
0.9681814
0.85399324
1.0
0.39568138
1.0
0.60241556
0.97758716
0.60110235
0.8965597
0.66918653
0.99993634
0.72283953
0.7098486
0.6776363
0.9372097
0.6175069
1.0
0.6376134
0.57718945
0.99665594
0.490091
0.8943361
0.05694915
0.2621717
0.74032575
0.99223995
0.23373063
1.0
0.69284445
3.2644573e-16
0.57521397
0.7564713
0.64410955
0.92333966
0.6873711
0.69312793
0.67697364
0.6070107
0.6483229
0.90034413
0.67017955
1.0
1.0
0.4343084
0.00012536191
0.64574355
0.9891621
0.5733905
0.7050063
0.69637424
0.025371388
0.53380895
0.9992561
0.9855252
0.9997662
0.6263273
0.9973131
0.6936671
0.8137294
0.45552528
0.8184349
0.592371
0.9990269
3.0902964e-08
2.073943e-05
0.5056418
0.39271328
0.12322244
0.3535885
0.60776454
0.6255455
0.9055869
0.024620695
0.59256655
0.48772722
0.9338295
0.9999113
0.6709512
0.46762088
0.99988985
0.97742623
0.9590769
0.97098404
0.99999964
0.93389654
0.58058846
0.998774
0.6176054
0.31453833
0.470446
0.99999976
0.715514
0.0012836026
0.2191895
0.9848828
0.61486626
0.64136666
0.8503497
0.99998426
0.327814
0.7702995
0.19368152
0.718773
0.97896224
0.6258794
0.27665913
0.68730944
0.06330323
0.55550295
0.00097332714
0.591909
0.612149
0.511574
0.9999993
0.6032226
0.023369433
0.6013753
0.14240724
0.8465185
0.59557354
0.96395653
0.98750174
0.9992835
0.999777
0.7863379
0.82602584
0.6340137
1.0
0.98782223
0.00027752912
0.6319199
0.01899655
0.07330994
1.0
0.5190153
0.87873656
0.6740145
0.7744145
0.8929163
0.9996822
0.4996062
0.60482115
0.5523024
1.0
0.99980253
0.15324104
0.87438196
0.65252763
0.9011352
0.9999999
0.52535444
0.77116317
0.6185944
0.9999999
0.9998419
0.61248374
0.99933124
0.99992406
5.342247e-14
0.9992211
0.62529176
0.62506056
0.0071893586
0.61942565
0.99221295
0.6502198
0.04654313
0.4968811
0.29320854
0.55647016
0.99999654
0.5433633
0.9953536
0.9998679
0.00020839847
0.6782431
0.68491256
0.752606
0.97659075
0.27610916
0.03404935
0.58235973
0.83531004
0.20077577
0.9298241
0.73365164
0.010434219
0.6145571
0.57043225
0.00010591416
0.98788935
0.54734933
1.0
0.8602924
0.95372343
0.7240822
0.2998134
0.75530624
0.43012413
0.9999105
0.9892306
1.0
0.85439205
0.9240842
0.9426978
5.1538157e-20
0.6747278
0.99595535
1.206859e-06
0.78705746
0.9368858
0.5581114
0.92682904
0.53511006
0.565657
0.9998672
0.5822188
0.2947449
0.99995875
0.9268184
0.7515956
0.8546345
0.25868946
0.5722099
0.7900323
0.3681545
0.75001895
0.73339343
0.64845395
0.9989349
0.24306357
0.58745515
0.68445176
0.047875386
0.38656306
0.5352091
0.6998363
0.66369605
0.13093282
0.7822043
0.99922144
0.99144125
0.19758573
0.6258838
0.9997969
0.9999999
0.037728257
0.00039072326
0.141697
0.30021286
0.43233642
0.00010200879
0.8382252
0.9442289
0.99487597
0.57574505
0.17560883
1.0
0.8495557
0.64308405
0.99974877
0.9122435
0.7305754
0.749587
0.0029058508
0.65992016
0.98665386
0.0799181
1.3935453e-07
0.026501643
0.9999492
0.8462381
1.0
0.5964019
0.99961406
0.9731066
0.47573206
0.6140263
0.9987729
0.029683713
0.6196193
0.7117171
0.63024145
0.99980134
0.6808736
8.5800824e-17
0.99980146
0.99998295
0.47194952
0.64822906
0.5001251
2.8872964e-06
0.74654657
0.70145434
0.6379906
0.66824794
1.0
0.998468
0.99997485
0.59731984
0.9601221
0.56464946
0.3709079
1.0
0.9994246
0.64770716
0.71488
0.785414
0.87755114
0.24567574
0.99976295
0.6466851
0.70559186
0.8737086
0.6232375
0.3527986
0.9999876
0.9999981
0.6371673
0.0051926924
0.7692577
0.61043537
0.9999393
0.8578078
0.7679121
0.8730627
3.782272e-10
0.98971975
0.8926564
0.6367725
0.8390179
0.5940832
0.5265629
0.99999964
0.9730488
0.09243495
0.00030064816
0.6524451
0.4504419
1.0
0.9828804
0.65283906
0.23153782
0.7955851
0.99649787
0.9999486
0.99999774
0.62625706
0.5005378
0.6248895
0.8095633
0.8187527
0.9990339
0.62086254
0.8290854
0.64619803
0.6986479
0.82303
0.120013095
0.88108087
0.30257657
0.98530024
0.99306506
0.62519073
0.9980299
0.6048852
0.35795623
0.77319777
0.00068935397
0.781616
0.65579486
0.8608309
1.0
0.99999464
0.9989015
0.645442
0.09857842
0.4715291
1.0
0.34446883
0.9997658
0.37560168
0.9999963
5.9994276e-15
0.9918132
0.6975223
0.0056125643
0.7050357
0.62688595
0.8847197
0.92470396
0.84696627
0.64039534
0.93927515
0.50225323
0.99999344
0.93259406
0.6574151
0.00046915447
1.0
0.45948458
0.77075714
0.9926906
0.68154633
0.67900485
1.0
0.832939
0.7036393
1.0
0.65409523
0.7024804
0.8036509
0.42946067
1.0
0.95772797
1.0
0.7056424
0.42895868
0.6313374
0.9958882
0.64777046
0.6788587
0.7632888
0.7135819
0.5961
0.27238953
0.3999448
0.96721053
0.73911107
0.96673965
0.64101833
0.7372585
0.61406785
0.9948821
0.32001427
0.56161016
0.7118134
0.48195583
0.99999607
0.5670396
0.19948794
0.7788296
0.22157624
0.5640757
1.0
0.5133631
0.86842954
0.83035225
0.86107266
0.08778304
0.2553895
0.67657137
0.82408935
0.55539596
0.7182828
0.99999845
0.90777344
0.9020888
0.3872003
0.71975994
0.093772374
0.63513184
0.6606239
0.80586684
2.0422265e-05
0.68860114
0.4467035
1.6700551e-07
4.0893563e-05
0.49500328
0.6824413
0.96604353
0.1825726
0.66182715
0.98994046
0.00284825
0.75726724
0.19191132
0.60255927
4.7246398e-05
0.051523384
0.99922156
0.6489686
0.5965083
0.24036904
0.9999944
0.8704037
0.99999976
0.6555183
0.6034991
0.07944714
0.5996176
0.715648
0.99398625
0.6370978
8.066839e-21
0.6737264
0.7354827
0.19111943
0.5239783
0.69839907
0.5943152
0.6727378
0.6976964
0.9994981
0.9999808
0.11211415
0.70671004
0.85554093
0.6404776
0.83644384
0.8526957
0.69615537
0.46619996
0.8985104
0.69016546
0.99999976
0.26715675
1.1108443e-05
0.60088223
0.0587212
0.9991375
0.8193102
0.9992316
0.99980015
1.0
0.7841278
0.99952304
0.6365535
0.61782986
0.7970309
0.08102282
0.050805937
0.37758845
0.85718113
0.55268425
0.5561972
0.61140084
0.00025681785
0.99210656
0.137565
0.6142942
0.54989743
0.6937591
0.08600377
0.33606228
0.6600013
0.61857355
1.0
0.95582557
0.18428989
0.578611
1.0
1.0
1.0
0.6870177
1.0
0.99355066
0.5419948
1.0
0.6245973
0.7774917
0.6079875
0.99996674
0.6374333
0.9141835
0.23434359
0.38994747
0.7396514
0.61662114
1.5743102e-05
0.6408465
0.7786867